500 300
489 363
479 388
469 406
458 421
448 433
438 444
428 453
417 461
407 468
397 474
387 479
376 484
366 488
356 491
346 494
335 496
325 498
315 499
305 499
295 499
285 499
275 498
265 496
254 494
244 491
234 488
224 484
213 479
203 474
193 468
183 461
172 453
162 444
152 433
142 421
131 406
121 388
111 363
100 300
111 237
121 212
131 194
142 179
152 167
162 156
172 147
183 139
193 132
203 126
213 121
224 116
234 112
244 109
254 106
265 104
275 102
285 101
295 101
305 101
315 101
325 102
335 104
346 106
356 109
366 112
376 116
387 121
397 126
407 132
417 139
428 147
438 156
448 167
458 179
469 194
479 212
489 237
500 300
